0 0 0 0 0 0 0 0 0 0 0 0 0 0 0 0 0 0 0 0 
0.24 0.12 0.35 0.33 0.31 0.3 0.24 0.25 1.55 0.49 0.88 -0.02 0.06 0.85 1.6 
0.3 0.21 0.19 0.31 0.12 0.28 0.33 0.34 1.7 0.4 0.92 0.07 0.06 0.85 1.6 
0.09 0.17 0.19 0.15 0.31 0.18 0.25 0.35 1.62 0.36 0.84 0.11 0.07 0.85 1.6 
0.13 0.06 0.27 0.3 0.25 0.33 0.17 0.12 1.61 0.4 0.76 -0.05 0.05 0.85 1.6 
0.16 0.26 0.28 0.37 0.12 0.24 0.1 0.13 1.53 0.36 0.89 -0.01 0.06 0.85 1.6 
0.23 0.11 0.36 0.28 0.25 0.29 0.19 0.14 1.68 0.52 0.93 0.07 0.06 0.85 1.6 
0.26 0.07 0.2 0.19 0.12 0.2 0.11 0.15 1.68 0.48 0.85 0.11 0.07 0.85 1.6 
0.29 0.04 0.2 0.27 0.3 0.35 0.28 0.15 1.59 0.52 0.77 -0.05 0.08 0.85 1.6 
0.08 0.16 0.2 0.34 0.25 0.18 0.2 0.16 1.59 0.48 0.89 -0.01 0.07 0.85 1.6 
0.12 0.12 0.29 0.17 0.11 0.32 0.29 0.17 1.51 0.44 0.81 0.03 0.08 0.85 1.6 
0.18 0.21 0.37 0.16 0.24 0.38 0.13 0.26 1.66 0.36 0.85 0.11 0.07 0.85 1.6 
0.21 0.18 0.37 0.23 0.11 0.29 0.3 0.27 1.65 0.4 0.77 -0.05 0.08 0.85 1.6 
0.25 0.14 0.21 0.3 0.3 0.19 0.22 0.28 1.57 0.35 0.89 -0.01 -0.01 0.85 1.6 
0.28 0.26 0.21 0.22 0.24 0.34 0.15 0.29 1.56 0.55 0.82 0.03 0.08 0.85 1.6 
0.31 0.23 0.3 0.29 0.19 0.25 0.31 0.29 1.48 0.51 0.94 0.07 -0.01 0.85 1.6 
0.14 0.08 0.14 0.28 0.24 0.22 0.16 0.31 1.63 0.43 0.78 -0.05 -0.01 0.85 1.6 
0.17 0.04 0.14 0.35 0.18 0.37 0.33 0.31 1.63 0.47 0.9 -0.01 0 0.85 1.6 
0.2 0.24 0.14 0.18 0.29 0.28 0.17 0.32 1.54 0.43 0.82 0.03 0 0.85 1.6 
0.24 0.13 0.23 0.26 0.24 0.18 0.1 0.33 1.54 0.39 0.94 0.08 -0.01 0.85 1.6 
0.3 0.06 0.31 0.24 0.29 0.24 0.18 0.18 1.69 0.55 0.78 -0.04 0.01 0.85 1.6 
